,0,1,2,3,4,5,6,7,8,9,10,11,12,13,14,15,16,17
0,1.22782801647777,-0.373865912461409,-0.0483448937113055,-0.921455658653309,-0.181111553616180,0.343683101537638,-0.203854783454295,-0.527669132307701,-0.824626287522075,0.330700312063051,-0.829918003152342,0.449303251318115,-4.315269700559516,-84.63236298144638,-31.421782493786296,-15.064485440298284,-36.61302563840623,-65.22452198796891
1,-1.20964670137631,-0.0464090158086701,0.553130249975052,0.174269326682563,0.957420700610824,0.230164731919303,-0.984364299077764,0.163299468945352,0.0660318873220316,0.0256345173301432,-0.238073277551355,0.970908845380042,-8.12237512985837,56.997142864735544,40.05492517611489,-10.530367051369877,76.58142775929237,-1.3303224750610545
2,-0.264320467343959,-0.810141330506193,0.562529361674381,-0.418011644051009,-0.531445378450747,-0.736771385954364,0.446523395611814,0.586095640067176,-0.676098186556910,0.791127753658705,-0.611602575548524,-0.00769200710757570,51.14738510583836,18.314840620337314,79.03872167374459,61.60647035209973,-1.2276596899008507,68.49451596487737
3,1.19512817060897,-0.175186106301640,-0.0554208971803047,0.847700708209714,0.348214221873772,-0.400187912093297,0.469679481239857,-0.142002133869932,0.871341826655099,0.246586078688575,-0.926597134498715,-0.283924384538846,5.869788434886918,-80.98585939531469,-47.56050391709585,66.4781473056537,18.745255086734918,36.08809306957064
4,-0.505058330948037,0.492247957482016,1.30133980184754,0.279420385504432,0.286088402401164,0.916557512748711,-0.768162312008311,0.639318035404074,0.0346281968505749,-0.576065022870337,-0.713740762194948,0.398400820539785,-67.70383088466245,40.00380759549162,-16.956328092757275,18.99419734373007,36.50694571327636,51.90211374966248
5,-0.218849933184368,-0.279254283584567,1.44413793365487,0.276089789145692,0.639496795996007,-0.717508380606337,-0.273697540008487,0.767927209675713,0.579117826726977,0.921338203334036,0.0364917600358654,0.387045561306023,14.919165585082162,7.58489352490419,18.986388483207826,-3.2936163483442726,78.34942836382514,-56.05739821973758
6,-0.622687947675405,-0.718064646755311,0.112753732192034,-0.222575386213097,-0.639704678537903,-0.735688875618497,-0.737329536399122,0.604143891542100,-0.302250414500665,0.637812944526486,0.475171634853224,-0.606140714046968,37.407395934793605,49.01548182585116,72.26357567247332,21.407782467370872,-89.42637153316218,68.10236111337515
7,1.19717421815480,-0.0618120426012162,0.415502109964214,0.528413152232003,0.848538591621647,0.0276007079074045,0.673509254127152,-0.438766095200820,0.594869396008327,0.516879894321036,-0.295747480515011,-0.803348369398792,8.194407002882999,-49.63125134244562,-53.36421886931187,43.29601093644028,68.50623159308935,34.744414749356494
8,0.857104451154049,-0.873005256980483,-0.186213916307278,-0.793742683439570,-0.390766101317749,-0.466127028337853,0.407773379654274,0.226763325037701,-0.884476831388577,0.451324077943425,-0.892121207280027,-0.0206477163324414,-33.95789483354514,-86.51259090275798,-32.14200601192038,-62.700784446379146,-60.79956965333796,28.450961641158955
9,0.257540861209507,0.0743896567872008,0.932526664467171,0.441328635964887,0.859870926491937,-0.256614545283912,0.829559896192691,-0.281917459612577,0.482030003832088,0.342139465285932,-0.425610779632622,-0.837732684425269,78.5921510030036,-61.146783093743814,87.65213384998751,40.847117649430146,-65.19303462986775,-73.18861272253703
10,0.721378034942127,0.0839571713136230,1.22777280763942,0.877228665503741,0.144688498821882,-0.457750048309331,0.363342611999897,0.423097831386890,0.830042391315530,0.313770640314892,-0.894457077441048,0.318582048916762,30.567660383251333,-49.11007582869813,37.18257491157775,-47.967137922795715,-21.608252137233404,29.17527433431185
11,0.765543224090958,-0.574912106922679,0.131627706685686,-0.435556907527477,0.225103276500161,0.871561067977449,-0.463171024298110,0.774177620248075,-0.431418143519333,-0.771856711155471,-0.591588985035996,-0.232937095002793,-19.76892744978318,-47.705533485203695,-75.74539151426914,-32.6741891429617,35.13617139658359,-83.56328227295793
12,0.531125693255765,0.297266046469246,1.29659400060700,0.837401126967906,-0.545335165046846,-0.0369987880370478,0.361977929389375,0.502576841228093,0.785104131498601,-0.409550157108823,-0.670839829187654,0.618257707099246,48.98035154648094,-48.87777336004868,36.26981476099103,-25.97562447023109,-82.4561544941113,3.2813346134265187
13,-0.493429937183492,-0.862464460349698,-0.381155351795678,-0.695286031475575,-0.396440556966464,0.599509982591671,-0.703907437986519,0.544141916197945,-0.456534657812179,-0.145229656689674,-0.739421706354736,-0.657391730240996,46.48684160342574,87.47932478316736,50.835249320153096,87.62242091360558,66.18501551946402,-75.35674150600809
14,1.17070564212122,-0.0805382227113672,0.835658054620930,0.354836370485748,0.166521389333361,0.919979226436656,-0.508606564730362,-0.791283380695223,0.339396484585092,0.784481046612142,-0.588337690727040,-0.196082251048618,9.360810213892925,-63.30404996034477,3.796766418361124,43.38473516261335,44.91947282193164,81.31787175061747
15,1.00010764999191,-0.152919531582743,0.670921646968845,0.0990177775077350,0.0374588804355476,-0.994380365863055,0.987438794195335,0.119947991008773,0.102845063911797,0.123126388136301,-0.992073239095519,-0.0251113682429778,8.69307630059294,-32.12183127605691,-50.134052824275734,-56.091521295228624,2.165349347198584,54.27262264797347
16,0.174926292430871,-0.364049170857777,1.31053871551927,0.786472763626211,-0.111395795816254,-0.607496147105983,0.550145956250825,-0.320699341083698,0.771032657835806,-0.280713410607715,-0.940607734022502,-0.190937350463546,-16.29397145231903,-1.1381808024883822,-12.471297417914123,-78.05134521082063,11.012175820158753,53.457407687943494
17,0.473404954794241,-0.694420463694511,-0.103668337357462,-0.793437113152577,0.430105038282682,0.430659033942117,-0.345110213896010,0.264916049979846,-0.900399037498223,-0.501354652652945,-0.863034844317962,-0.0617605841643048,-34.668715882154096,-61.105521505634194,-84.43154352522441,-72.62912949765087,-5.7360135204679334,12.464852868035315
18,-0.374612265924610,-0.324558364270196,0.902508473193113,0.462302409105996,-0.703481565519417,0.539805677544376,-0.881690969515118,-0.429445218610489,0.195442673150159,0.0943266495232537,-0.566295409823300,-0.818786902681508,9.949431380280627,-20.411292630964084,84.57004382107274,25.495857849506965,-54.965026589439084,-19.301722892866536
19,-0.459663094122416,-0.779048115971453,1.12277800615620,-0.450107345325990,0.874637576974718,0.180034681734896,-0.529896071650107,-0.423890021262871,0.734525291003345,0.718758325818474,0.235215558196217,0.654263028337279,44.80412730953299,40.9130848410402,14.199348208589477,-11.036989709120334,70.14698829474037,-4.430069960200298
20,1.17096749215228,-0.202158389447802,0.161911077754892,0.546804628812794,-0.00117427029056220,0.837259409620571,-0.781387636945062,0.358466407910086,0.510818162587678,-0.300729211647811,-0.933541887378025,0.195093530831653,4.434656699498052,-84.77253498283712,-26.09504323674777,83.19381980806017,-24.8386938388035,84.0627986569947
21,0.991242661171154,-0.496667274883067,0.873841426992917,0.117843008796073,0.114067913744517,-0.986459090044723,0.885599491305682,0.437336811104513,0.156365132469013,0.449251117168344,-0.892034206018418,-0.0494814007086088,-12.11004187530764,-48.29966999940477,-23.814549962548156,67.59756962498977,38.928111922453375,-77.47636266814553
22,0.259517877232957,0.0140992080998424,1.27396989779005,0.329741486409185,0.821533544940685,0.465137814715007,-0.737422766877269,-0.0835020598842663,0.670250004764011,0.589472828069059,-0.564012447143035,0.578283446448185,87.96735521508117,35.32751251430985,-72.5526326675135,-9.590399646944874,-52.47505156387257,67.74271202288736
23,-0.512520986198207,0.599312063838399,0.864979602381320,0.957101678059705,-0.0731724812237960,-0.280360778010850,0.205178473184550,-0.512056397531314,0.834086350379210,-0.204592697809460,-0.855829441967736,-0.475076619361804,-67.80288120966514,74.41361029811335,-41.01291232109404,-66.99841448063277,59.15230798666158,0.23220068535403596
24,0.160889472329134,-1.02577610956993,0.852572770046992,-0.257331800182209,0.847621445737794,-0.464023953412273,-0.199693069424202,0.423184221517429,0.883763425743920,0.945464448109459,0.320082800825129,0.0603653706773733,82.64438296304897,54.55773521026685,15.521683823873252,-62.241053316952474,26.27178469020292,-34.739195671277066
25,-0.107824785575233,-0.650972530417017,1.30372866159724,-0.141040738115929,0.468266455085607,0.872258010701692,-0.310129636528011,-0.857616824465316,0.410259662824693,0.940173983227954,-0.212649734153575,0.266182215457187,54.519584856099286,42.318934410964204,-26.70874734665869,19.936117377528507,27.249147845871043,32.385923355281186
26,-0.411149484885050,-0.675173647788011,1.16451982796953,0.358086124960775,0.371990868841796,-0.856386081512832,0.228237680714930,0.854507608096567,0.466609374966848,0.905362848924367,-0.362545915993283,0.221084984981217,37.56646146191424,56.90994612490249,-32.64034676037358,-0.27090146548444993,32.92807621351531,-81.90564269014995
27,0.0225464743298663,-0.593720814483077,1.35003075970766,-0.362701170598329,0.636106565162734,0.681040599820210,-0.642784717915563,-0.699900674502859,0.311395009986759,0.674741185389489,-0.324819155203803,0.662734372997112,64.66678962650761,15.788444927142404,8.793242648430558,65.83962179552772,41.51011743899093,-25.134106067897275
28,0.0999416819115352,-0.276464894856989,1.16004955401341,-0.700983972643268,-0.643636015854377,-0.307171205018254,0.474946942860163,-0.100003997654016,-0.874313789163250,0.532021495397552,-0.758769978022536,0.375794157600452,25.185931636455607,39.4201316641082,-62.80071213272192,-89.49372276303757,-24.071041837161236,-45.841962264940804
29,0.806889204927151,-0.698786294816242,0.825259783064458,0.387774710166122,-0.768593118182249,-0.508817642027542,0.640675474563748,-0.172126259561550,0.748269661994836,-0.662695790274917,-0.616147035578552,0.425672550324384,-25.425023004538392,-81.3706435037345,41.05644638159715,-11.56811823038197,-32.7555283527314,12.77127024485037
30,-0.875935957012646,0.0829094919747217,0.986583065366914,-0.0389373979079823,-0.853528586849106,-0.519589097725812,-0.220872130423995,-0.499769880501627,0.837523473429465,-0.974525208009583,0.147373735701980,-0.169060938655627,-19.309764113147697,16.284031968943978,61.19615845151178,-67.57778812067733,-79.44564829793893,-33.64640641080331
31,-0.0420004627655375,-0.669324901077633,1.20743459710000,0.135834536693532,0.185926329263058,-0.973129168573226,0.509624193670806,0.829206450326881,0.229564465807918,0.849607062039055,-0.527112950725989,0.0178823183705811,59.612199674672006,22.905029143328726,26.68082586448147,-85.24311842335773,-1.7579002284389935,-41.08191786994246
32,-0.302052866769180,0.595874149568636,0.996548144354165,0.754717594935783,-0.556722964121969,-0.347074765884235,-0.199350217246726,-0.698632530334741,0.687147785008262,-0.625028673564686,-0.449413093687007,-0.638253106882092,-86.36461322813182,59.256524156597294,-33.9346190278376,-82.67747276522925,49.287267945671395,18.718032245888864
33,-0.535825526679660,-0.0473865063737352,0.998837975342219,0.482119294285429,0.456846691378400,0.747564102036962,-0.253392514385785,-0.744100366870659,0.618147941577258,0.838661564476976,-0.487448196836915,-0.242983611936011,-18.298564201686162,74.5063947656824,-69.8957107992301,-18.967961664442257,78.4930895593771,53.33626803119741
34,0.355746463099200,0.408534862699643,1.34604843966577,-0.684253714562664,0.0980749461806870,-0.722618958399828,-0.599601250950229,0.488330147598243,0.634044167866560,0.415060470252368,0.867130308476375,-0.275335857010216,70.98702077441679,-4.719041410793454,-28.501553529229497,17.138495179679026,83.68923685121784,-46.92037748109237
35,0.939636974131964,0.0577705695741434,0.804568367561909,-0.783929526371169,-0.227552299858770,-0.577645608061257,0.248288210113795,0.737864136891667,-0.627622083906871,0.569040826656544,-0.635434077082823,-0.521934930120545,20.801209556682828,-18.330905661720838,-66.948134736544,25.68497710629925,37.241014724861984,-83.76986713233367
36,-0.136551586139510,-0.721736373308269,1.26164732902835,-0.0358591495576329,0.0688878048623700,-0.996979734866385,0.150412131144433,-0.985885061520136,-0.0735311925377703,-0.987972829685915,-0.152594612659428,0.0249914383284758,-76.43899937335443,-43.28330311022635,19.748851507752487,6.838073634656285,-4.990310089252832,-77.58155971112855
37,0.586319148464243,0.104758546204531,1.21053755544321,0.605599330279563,0.523936047815317,-0.598949471128083,0.432096316431634,0.415537268792680,0.800388375459397,0.668238149532903,-0.743518524344878,0.0252582553802983,40.63505344858388,-49.018575577056865,34.23022500307496,62.59190839681067,1.9538086812492297,-84.59535136790873
38,-0.307143883343071,-0.0497780714787959,1.20268509636409,-0.415970283743620,0.816499973778140,-0.400370473265135,0.569199070040744,-0.109586709800967,-0.814863897653927,-0.709211633933767,-0.566849667773824,-0.419166210992372,-60.05085200012004,37.68696846889734,-50.58672106102409,-58.988840181776744,26.1687811318923,-83.85652783983224
39,1.16468387022362,-0.120917339027192,0.163060169225153,0.740115127748773,-0.187168115877380,0.645908425456990,-0.260239446371269,0.805935774453647,0.531735797185196,-0.620084694400525,-0.561636558509782,0.547776731812785,6.188019537357503,-88.18250230988855,-21.455251996106252,70.66108524703382,-60.55917790200686,72.22510185877674
40,0.190541082403280,-1.09280556801416,0.878390480835721,-0.729845769794522,0.358504165656697,0.582065215864887,-0.640343032849712,-0.656634506678891,-0.398487044857675,0.239344840332679,-0.663555489650537,0.708807561726566,88.47137032485844,44.501668271013834,16.544827392743546,71.77836355967028,75.11018697498545,-40.108011599643355
41,0.927574485536131,-0.497142242332437,0.813768216616701,0.111019590551850,0.293574980197774,-0.949467419933710,0.993631848293077,-0.0512904463137504,0.100324673807693,-0.0192457936023234,-0.954559071571169,-0.297399694535492,-11.882280623634095,-32.0895560093714,-48.58723459192452,21.537304999006338,20.270374640403098,-26.465520599717713
42,0.798938437643305,0.606163318461041,-0.300053495860953,-0.439186309758629,-0.321347255673690,-0.838958477275000,0.586588111563153,0.604739030410397,-0.538706870636590,0.680462910593496,-0.728715751421143,-0.0770946232713216,54.58344633372575,-79.92370766607728,-63.742017228627944,-15.209156938503229,12.351623694746788,36.6169871694962
43,-0.640115960761760,-0.562989282039864,0.980868385431040,-0.913540355086692,-0.386769163114356,-0.125911215115656,-0.0129677813700085,0.337092932132914,-0.941382064707191,0.406541334029419,-0.858357716555199,-0.312963534865845,20.97862193286611,19.195956078645164,39.61901593212156,44.19044439154227,-18.73567910136358,83.91181224137921
44,-0.411842008592480,-0.308629733171230,1.08635624426556,-0.670650068563765,0.255854084483372,0.696252233740469,-0.734678938825811,-0.358620662736496,-0.575880262818771,0.102349120080233,-0.897735989983476,0.428479579335107,2.3622060957012314,-18.539190040688357,80.40866076170221,19.4705235010299,25.68485649443611,49.1873507525636
45,0.874652304599062,0.102068769440745,1.12703873635317,0.648773474144505,-0.194726221529165,0.735645755710888,-0.0929282923291883,0.939198385549839,0.330561227407808,-0.755286244897423,-0.282821659760263,0.591231424265659,19.310506010230803,-49.042612440585906,1.8510136836809645,10.940980138368475,-89.01752822593318,66.52363137306102
46,0.230196792134313,0.770795314766359,1.14534697020796,-0.496871800331816,-0.668471022475387,-0.553412058186059,-0.832882525796003,0.546453242681231,0.0877242941655149,0.243772665117912,0.504514960802827,-0.828275040108920,89.03685003977543,-25.68776264295974,-12.129439079186872,-20.633854707355972,76.39318877542405,-60.02732513560898
47,-0.0203670499466204,-1.15288672935402,0.405178524531767,-0.647609741322493,0.761169894911413,-0.0349573171848577,-0.723035841418893,-0.599392430581410,0.343435417779504,0.240459549546045,0.247687515313668,0.938525492349491,78.40870628660238,59.52350489552287,53.346423467183044,-40.09383995428947,79.29292518773326,-36.74614654243917
48,1.17188733421465,-0.00138963587309633,0.247574499983766,-0.744669319827275,0.330266509931227,-0.579992790063661,0.519191200180772,0.832712931787985,-0.192430950961397,0.419413998053037,-0.444424578135486,-0.791567238196644,12.213284955754467,-53.01511976072217,-63.35089308687135,48.12221880809142,58.46001391540448,-55.69608895894764
49,0.752101926473697,0.818606501813573,0.612097390999392,0.269743717299918,0.740240207530445,0.615859368794943,-0.247945333980788,-0.564607646818361,0.787236506084029,0.930463023625537,-0.365051558426365,0.0312397400133997,63.18005427130575,-87.10057349034598,26.959583199781324,78.51884580534798,5.68648232745016,19.74281093412439
50,-0.0866555707690690,-0.231695957326375,1.19086862463137,0.398610357938098,0.882485901245235,0.249656597445063,-0.909427580038913,0.345155591415881,0.231967873592273,0.118538007444990,-0.319509392377968,0.940139611426533,2.7949257354904633,-39.666436715900254,80.64798351616041,42.777169133108366,71.03991438186807,-24.29349849348483
51,0.903061575515780,0.497483950435180,-0.0424140884644938,0.467634222362533,0.0141404215946511,-0.883808962702073,0.632537677496178,0.693064023254646,0.345772101560876,0.617425558770553,-0.720737336445955,0.315156106127837,45.552674237246976,-71.16341251566104,-76.80847345514984,72.58621409940655,-19.007599494935832,5.948864804001029
52,-0.0613881189135066,-0.229122812929477,1.11263220475345,-0.497863311190726,0.104548114743268,0.860930784136469,-0.0258466673269368,0.990477531576667,-0.135226510824924,-0.866870274699910,-0.0895765100091594,-0.490420203189349,-21.500736962465677,-49.692633612168855,79.56651128023249,2.494696570996695,-66.35538084833756,84.66328832032698
53,0.754680113857805,0.671699234323773,-0.0639226308198832,-0.897905143890473,-0.389863357204671,-0.204384234431454,-0.0304519994217786,0.518212707913285,-0.854709462383795,0.439134408019053,-0.761224114217544,-0.477177974792919,57.62588665732616,-60.17235872515822,-75.73916674096621,5.395833966706585,38.87897185864476,-28.884148287128834
54,0.539652010936831,-0.0342503798391829,1.18929395533623,0.819907708205752,0.396581414942789,-0.412885615330405,0.419147398195940,0.0754162715447841,0.904780550504849,0.389957444614622,-0.914896479011838,-0.104391685882428,30.18524450568301,-53.13774685012352,47.25512066258785,46.22118986333879,-9.280721310724973,-64.49549076069101
55,0.313982639175465,-0.0333992198215394,1.34905421200511,0.840637993839567,-0.268049813344020,-0.470613494153774,0.233439011574188,-0.604751378013105,0.761434172247684,-0.488706446845807,-0.749950043907917,-0.445803701704977,38.660499812454894,-16.16315943457174,-5.328357335646726,49.16437693661846,-73.72130220182075,-40.08103162689833
56,-0.439864903962362,-0.593311767966052,0.954416963285334,0.214735777240865,0.304336342484515,0.928045223367865,-0.976551625066382,0.0519752915149053,0.208915036922068,0.0153450172033194,-0.951145603845746,0.308361104440786,30.937774623909654,4.545344826158706,60.083883109932174,82.42548771674709,34.54193313732382,-74.59294279180216
57,-0.0568689883370776,-0.775448738669994,1.15343225798040,0.0382007137093813,0.384690912202546,0.922254632702307,-0.997180209289382,-0.0449833795193648,0.0600676765706896,0.0645936194502064,-0.921948695772053,0.381887767139158,-79.02238179799635,-63.35816552625032,47.65617972204916,38.30304078542905,83.5606796256803,83.60052360499722
58,-0.242939515306404,0.0706861406082568,1.16070728476391,0.178697826990661,0.00656121883182206,-0.983882125580223,0.911177957843988,-0.378412083354084,0.162969396853773,-0.371243607040008,-0.925613983029137,-0.0735998549785306,-86.62449446781966,51.874588246997,-81.63867148388552,25.100063786694236,64.84304948892367,-78.60870227865834
59,-0.308371664730597,0.156021767230882,1.11202389188175,-0.714995298747792,0.504402315963223,0.484107453381470,0.629649126020069,0.765526055923094,0.132332293129814,-0.303848154298688,0.399434802381776,-0.864944008462694,-62.24445832015251,-25.5616347556183,67.54676560597807,18.233783388736903,-85.24637018126964,66.47165280495089
60,0.367366299297412,-0.887663238428098,0.835824455613641,-0.486890402852327,0.780330782264304,0.392455864857539,0.567279244531667,0.624153148039936,-0.537240268888528,-0.664177682803239,-0.0389450644192215,-0.746559634338412,-52.297987093686956,-51.281036410804575,8.809416996773827,-74.22147587000762,56.6799143383323,-83.67994181275019
61,-0.171718632595913,-0.197140997489620,1.45517577703028,0.926381805006750,-0.353227949774647,0.130563267615491,0.262107031276710,0.853722307165357,0.449953471376286,-0.270400916247976,-0.382607158514134,0.883456341165762,-66.81142237743929,-17.340259526211412,14.73550299146449,77.09144997375053,66.47112690626666,-39.00763114252216
62,-0.669133829949358,-0.779021083428130,-0.0648250615316826,-0.410769709634483,0.841927267879622,0.349895300407931,-0.679002947312085,-0.0263789339892419,-0.733661467833151,-0.608459730128711,-0.538945848339465,0.582506763367903,38.33343681482958,63.031065401228496,84.63820356274478,-3.338650648247046,87.39972512882738,-23.632165959535797
63,-0.172822621135866,-0.737869639756740,1.10571777544403,-0.739899111640269,-0.430105379347822,-0.517260734301384,0.0540311174663897,-0.804422664040325,0.591595145284002,-0.670544512272879,0.409772546950540,0.618430688781204,-83.14058642477451,-68.28216789911576,57.72512821190023,-41.227627505696425,-51.91685982062724,-3.0901128212465045
64,-0.259013290860012,-0.0561768218676062,1.21650796652494,0.00578209450949877,-0.704477273650138,0.709702993014368,0.650115840737944,0.541907907248243,0.532621078895143,-0.759813109260876,0.458309492561848,0.461125197774988,-79.49365018259385,39.35147187966459,-81.54385555621323,4.143359092344843,-48.43231044461815,80.55525326508106
65,-0.565807260586882,0.0969584099854441,1.07806481383064,-0.333374269309447,-0.773487957769670,0.539052850607153,-0.939634789010193,0.225818528922231,-0.257084529439577,0.0771236659149528,-0.592218178698277,-0.802078281076812,-34.49321826442159,10.028078793322594,27.76380593149067,78.65325828919623,-63.61335361104786,-22.72112499257834
66,-0.805925197980286,-0.500464040190568,1.05490011272484,0.444082782182533,0.656125836057240,0.610155201426005,-0.556596532521726,-0.331633545861037,0.761721400017373,0.702133023403552,-0.677877627981498,0.217924617536350,14.442910433887828,52.01778148508157,-2.081785889464869,-26.834099359214115,33.738915643294966,19.164343881304422
67,-0.151712750853561,-0.350021211588056,1.17272176382259,0.593794056909295,-0.744726862039426,-0.304615362278581,0.664789967133114,0.240811717733121,0.707152046027994,-0.453280175584985,-0.622407918940090,0.638079512962382,-70.02827467336868,-58.4113407801566,77.33216516272257,37.093600519575126,50.31190897806382,-66.75407697925138
68,-0.443202965325843,0.308727720286453,1.01259411479627,0.473612283575555,0.880153705060434,0.0319509047561962,-0.426987612468037,0.261189538335658,-0.865714504824109,-0.770307071008175,0.396370383016185,0.499517302825847,-61.95029951421762,-14.800470270775516,73.40232872606721,86.34732984136316,60.43315181719908,16.980256610505094
69,0.921085305253253,0.471407355055232,-0.0607760118833703,-0.408002550799179,-0.781394348568499,0.472183005376701,0.274378324569034,-0.598224390595598,-0.752890505653521,0.870775776849616,-0.177624464873890,0.458474749501226,42.280872033424004,-62.88393974908486,-83.1145116537983,7.142268406029468,-44.17255869862611,-64.16797876067523
70,0.442328511665162,0.250131277340697,1.29920297581529,0.782694544254861,0.443018472228847,-0.437177176505926,-0.0790859575137154,0.767494368130969,0.636158632898575,0.617361046485615,-0.463343315643232,0.635750194754923,62.36790046910412,-40.05766694503819,47.41521635897919,-86.3061945836236,-40.37311215537338,41.123575185354106
71,-0.979197987559597,-0.406145192579102,0.966111899644380,0.687902822529731,-0.710436916153994,0.148556706079639,-0.247016119753285,-0.0367002766638867,0.968316129306346,-0.682475452553174,-0.702803299550021,-0.200735594262560,8.485072870350924,39.83748408700629,26.84414683621071,-52.2265540561727,-53.5294011622018,0.010622555853854188
72,0.396039082025361,0.303417278845457,1.08470804753970,0.167477695175777,0.171950960408885,0.970764692823689,-0.528936123213939,-0.815284735326088,0.235663696618039,0.831972234619652,-0.552940925921325,-0.0455909340028172,74.00078019806305,7.833154453946509,-78.46718728904803,79.21286041664023,-17.796118318917266,68.1807739467204
73,-0.282693595600044,-0.437468083144598,1.28838888080093,-0.851514164575328,0.402163282247813,0.336434721661199,-0.420251650504406,-0.907170362749368,0.0207480890084588,0.313547728066884,-0.123719955386537,0.941478196700937,31.99900081924325,-5.0835228598914295,53.58215591075044,29.488014805072766,74.27193532108693,34.60405665706402
74,-0.936815046290584,0.132869957030719,0.479207127130352,0.838256113273998,0.430568561814780,0.334570474094059,-0.543740933455669,0.706069287334096,0.453665029254272,-0.0408960370149507,-0.562207146041630,0.825984648220654,-23.410811325079845,34.19601259121592,89.94851057834066,-46.82495487655085,57.84747612893207,-30.67344055703296
75,1.12465928284986,0.495943000217731,-0.133807738139851,0.540682953209612,0.170939962352525,-0.823675587461137,0.527815242642015,0.693487526532861,0.490393841904734,0.655036650687030,-0.699896120730964,0.284732166153502,37.79476218680023,-86.97008831938841,-39.41397150008295,19.081806011793773,-17.3511566641898,48.84299274012146
76,-0.387391513829321,-0.306122763059797,1.11605675321975,0.716517333452589,-0.484382478093046,0.501972634491595,-0.565887738276506,0.0171550024290199,0.824303811443306,-0.407889664652456,-0.874688127739310,-0.261814248393029,2.9186921585803227,56.45561999032183,-78.85448020651064,52.4853637732946,-31.484196902083482,5.047223436408046
77,0.652872345266229,0.198135057923350,0.788522331472700,0.589995517624365,0.787380448719371,0.178710151243961,0.698840493339219,-0.608853343708692,0.375392555499096,0.404385031934361,-0.0965900348339658,-0.909474084907436,36.254695066024595,-78.69297128372246,88.97699784517877,-83.80864257036059,71.5163924821316,72.4469214077935
78,-0.256895546578568,-0.593380414243964,0.977173077743885,-0.0768883685086225,-0.362786732402956,0.928694764484256,-0.914481073237761,-0.345463530208602,-0.210663988345711,0.397256271791893,-0.865471395303274,-0.305199473187307,39.595762471844445,-8.96041655538553,82.94278113313224,-22.796761171982666,-23.059878109615426,53.94362889574877
79,0.537507229878136,0.281235627281057,1.35827853320842,-0.0427793240644130,0.941220980174417,0.335071628032130,0.304578250262759,-0.307127700883483,0.901612258577323,0.951526152504211,0.140625893168847,-0.273536723806871,53.75578429311639,-21.642611987700374,1.182932010821789,-1.5710079005557698,46.82193872090759,35.86368523765589
80,-0.103875674644120,-1.24385258323210,0.0587146873388225,0.945274137196723,0.0405992162186257,-0.323741423344965,0.0445077918173635,-0.998998098032713,0.00467510369549151,-0.323227260630246,-0.0188282704849556,-0.946134046642447,-84.29363082111537,-71.20161606223631,-40.086224312932806,20.476200181830382,71.1254215971822,3.3348609890055503
81,-0.863367110975603,0.164465301690911,-0.267265190966313,-0.558767458520122,0.603401815272413,0.568933367473662,-0.243896817095742,0.536120229016149,-0.808139494549201,-0.792649525269227,-0.590323088965381,-0.152398755653845,-30.207731218069505,71.14813001383112,81.9597611216201,48.336027167711116,24.636290950458992,-54.79359781570905
82,-0.138602983131950,-0.760039832395011,1.24738220464529,-0.566946702191529,0.821770445181284,0.0571381860116785,-0.760264816040930,-0.495286705738598,-0.420343298517840,-0.317125915630371,-0.281752399360080,0.905564320791426,-83.02465199504212,-38.43935155927987,16.462485458041737,-82.93509714292672,-69.57412080676426,-60.39523485659094
83,-1.24859022283037,0.369107310725313,0.331221845293138,0.592504606728365,0.569748562986050,0.569495273010230,-0.245626508094690,0.801060412894706,-0.545866131404186,-0.767206562489448,0.183545062228036,0.614577334926071,-25.736829016973367,66.41065699081994,29.54291368067463,45.48025066851641,80.33929293994976,-38.59264147054007
84,-0.278452945719394,0.169351867155742,1.05815376807768,-0.778981259735152,0.527391211263949,0.339185358267394,0.526695596305325,0.843855377197906,-0.102468781620348,-0.340264523296235,0.0988261739405357,-0.935122153266760,-74.90185099988852,-27.875609403436634,69.41908191746624,37.32225523383423,-72.37550518788527,49.83465839060089
85,0.398920408046356,-1.10160489237567,0.637450045848496,0.813896511684943,-0.358157558072474,-0.457488395331121,-0.165687204034991,-0.897782018352114,0.408087243053090,-0.556884385385466,-0.256340810483168,-0.790043777391281,-57.339961035839174,-57.10425616317751,-8.719779220577909,-30.296260868403518,52.614910122116996,51.74879049281959
86,0.893500274959299,0.141442233543147,0.783906232303393,-0.0846664435313681,0.826380209089346,-0.556711184875244,0.656708464474638,0.466478056371543,0.592564102533381,0.749376798431278,-0.315426652249420,-0.582185916201698,25.617634416329707,-14.019302816191578,-76.14283914503322,42.97399224929362,52.52443191748265,-9.917681097626438
87,-0.826949491422169,0.369736649628810,0.274702640061624,-0.261043392155035,0.174590570860237,0.949407436235302,-0.756516464144469,0.573909256508245,-0.313545857527259,-0.599615866109748,-0.800091430938271,-0.0177345777679359,-43.539373939128346,35.19315655319985,83.45252774291265,52.697497928093824,-6.766615303504849,-63.12655188159455
88,0.939418734639020,0.0311522150528455,-0.370190410298393,-0.566294063459640,-0.140492299477423,-0.812140965275065,0.753170038913763,0.311974761504366,-0.579143022635113,0.334732618925926,-0.939645498032019,-0.0708548647246646,20.647333462121427,-86.63364892195777,-76.4771449059674,58.78042483838202,4.193803562486642,-21.125663033417997
89,0.370004794477990,-0.116372856828402,1.42989345179283,0.814702194111696,-0.424073257993314,-0.395502473778010,0.549281937476210,0.345741301730741,0.760757717962765,-0.185875463878291,-0.837033347085090,0.514611977897484,25.821515829867117,-27.42656083996345,29.93706852588013,-46.563942244899536,-47.739816618330515,5.580523421755384
90,0.265769982135530,0.0736058483550341,1.25582963938104,-0.336759696882860,0.222103517009447,-0.915020728883996,-0.737351081736031,0.542153135138436,0.402968187729838,0.585582008618835,0.810394969006841,-0.0188070569290191,66.90130063670314,30.37618053289417,-70.74180647376036,39.26074855488696,77.24955377479226,-65.9877906207901
91,-0.278201116138242,-0.780907766705580,-0.281945435757856,0.173385856607517,0.0266854784979744,-0.984492371715399,-0.225968105812427,0.974042606805666,-0.0133945990147846,0.958580074841962,0.224786310447405,0.174915278782104,52.119402394443384,78.35152073943962,69.06948063733661,45.4417636830403,-51.78772005507678,81.18066496900254
92,0.286156094562387,-0.126718791945533,1.15675042744107,-0.0427032567055863,-0.994852588152266,-0.0918953737327158,0.373173496628897,0.0694395679545751,-0.925159276998315,0.926778276223876,-0.0738002320390705,0.368287323255200,85.85480589761613,47.29354363475105,-69.65571234446348,-66.60870447247073,-21.6136925259644,-85.43440030948581
93,-0.442309616976101,0.486663093124280,1.09531175371990,-0.832510294561386,0.552782754653888,-0.0368488209658561,0.552967574038183,0.825026916935562,-0.116436456465013,-0.0339627959926966,-0.117310751805029,-0.992514340450201,-65.4274216262814,17.417144567006243,18.187294086348057,59.72363291634821,-85.43039541798348,58.06726973662649
94,1.08310777368249,0.458808364810319,0.591885780646249,-0.562569060510867,-0.440112595443091,0.699869241707526,-0.496894485777500,-0.496582272720926,-0.711689480337621,0.660766162995529,-0.748135649298753,0.0606723008340671,37.83318246953327,-54.52226285016249,-20.5451558826119,-61.007741172152706,-5.017504547212164,-88.33515945960363
95,0.403386965320405,0.0595042132647305,1.26823400014620,-0.766046808614021,0.399575326353632,0.503499598392752,-0.211066740468390,-0.896242586412384,0.390128257588309,0.607143408166739,0.192584487615771,0.770900834770237,40.88570155860367,-52.26686281417025,62.58610630889081,42.48445117987994,75.41536033928953,33.874865212417866
96,-0.144369500294757,-1.18056244615549,0.178536223356232,0.0318025594662113,-0.913081253113209,0.406535634876710,-0.117319890132923,-0.407339860464549,-0.905709821883323,0.992584827906712,-0.0188908255492776,-0.120077042433055,68.67823469830972,73.65289810520115,20.12649259834659,66.9427337019957,-21.32788254049731,-6.127316995156315
97,0.100784664289160,-1.01840449844264,0.728508056652703,0.204976860404014,0.185589385551738,-0.961010440458085,0.697537465232483,-0.716472611907208,0.0104154204862228,-0.686604668856800,-0.672475706890138,-0.276315856126016,-67.88271196752675,-29.519352977940297,-65.02736049631794,57.380769486015225,27.218269317099693,-55.3927651597193
98,-0.270274923964981,0.534834002092023,1.27150964035263,0.601147400132990,0.508024823189557,0.616873230361447,-0.676926474157203,0.733977579078307,0.0552038222901737,-0.424726208160556,-0.450763455077680,0.785124165764873,-86.90044188112921,51.24696491176784,-49.927739758776944,60.132834927193755,63.35391438278744,45.385827518941234
99,0.328668105209527,-0.0127275362315725,1.10791254987762,-0.503365878130361,-0.666222546769028,-0.550245682318944,-0.00253527861921931,0.637940356811513,-0.770081601853675,0.864069652919470,-0.386237775635410,-0.322806467679689,62.007665644621454,34.43059902342139,-73.30207621446324,-39.82869595623655,19.219478915059398,-66.4012356682168
100,0.131715299108815,-1.30918050212125,0.237268204876292,-0.0414939026765601,0.156082310166309,-0.986872113545527,0.318515113623741,-0.934122414445828,-0.161131738720689,-0.947009175475044,-0.321019668062637,-0.0109541902042695,-70.96852521770136,-82.85038650930294,-2.9924748101846665,-30.12566518722374,0.6981314367684455,16.69704718728597
101,0.580620152470205,-0.431249828966726,0.764753494021465,-0.602856158277857,0.696630307233579,-0.388935299850905,0.594773475033858,0.0674728048165712,-0.801056760789355,-0.531797861807109,-0.714250401227633,-0.455013624547169,-13.629507787588615,-4.555120871073575,-74.29188199297393,-48.60305010590626,34.970105153390975,-21.035183503908723
102,0.423328007259971,-0.854780754264424,0.875993423176567,-0.254497855301745,0.239159123435980,-0.937034553964871,0.655669996836342,-0.669563575096220,-0.348972024885950,-0.710864049516814,-0.703198074927472,0.0135930321435053,-45.170692904725875,-21.766270443124224,-56.845517180592815,-1.20439671963118,-0.7913148310237372,-30.611190526877376
103,-0.350570911521090,-0.968629245026906,-0.286370975071609,-0.413938999621846,-0.676524400830878,0.609072442056351,-0.485585825722741,-0.401840507016666,-0.776357271349830,0.769974616756442,-0.617121496952594,-0.162173202317030,53.12148078497656,86.24871658914442,67.26852828875481,-74.53111492638283,-9.509801616895707,63.04840432875227
104,0.291941907968469,0.963653920152995,0.690445083697769,-0.538424804256677,-0.790547911557995,0.291775135493845,-0.759948087533200,0.305920136322998,-0.573490866925315,0.364112117919454,-0.530515663975543,-0.765490363009750,86.63974140904115,-66.55737339387795,25.28220207430241,-82.3077375665233,66.76010959365507,-57.68771596778027
105,-0.530883305882443,0.780527028633172,1.07185903297293,0.219340720544662,-0.693804363490845,0.685948360674484,-0.175152122227937,0.663645205491572,0.727252896389625,-0.959797573652902,-0.279661485423203,0.0240431108821071,-74.45968250362087,55.481381289895154,-25.46231720475009,32.90231001643181,1.5473529241899753,-19.58704719166002
106,-0.101416553162374,-0.289915870316596,0.939559714819016,-0.990704243222085,-0.0296317430697144,-0.132766947183427,0.0459690513457030,0.845648393886974,-0.531757125231770,0.128031046157299,-0.532917210942780,-0.836425308979132,15.582694675861017,56.89723573105686,-78.61231189306594,-69.64316703942228,56.78912675745107,-73.50251321765987
107,0.394545772915182,-1.18549086557000,0.454126757077761,-0.157549276275435,0.382069451293882,-0.910604831929349,0.953315852562383,0.299404711915010,-0.0393154389056768,0.257618149202153,-0.874288140644194,-0.411403860373934,-61.83836370950054,-59.09514839156301,-41.23192890850708,75.57637576590996,79.30923136748963,-87.58398805842454
108,-0.0959186708968352,-0.173858958559695,1.51331414687244,0.226629911465284,0.972211197327924,0.0586879120385271,-0.518317781945511,0.0693702185186675,0.852369901921553,0.824612369630921,-0.223591503802977,0.519635717862813,-14.411707582155833,4.791643849755463,-1.8512655286960666,28.369673818100836,89.35141844383045,3.5442640261072738
109,-0.457784828144327,1.00681874825704,-0.248775392444253,-0.384345818137311,0.629847977343075,-0.674959122849079,0.761093842322145,-0.197618870187561,-0.617804941162747,-0.522507851864136,-0.751157977780060,-0.403419430813263,-79.34196486514392,86.27248081196223,37.28535671737302,24.280193484973353,-49.275831726589246,69.8370960492217
110,-0.600141535490927,0.469456093330939,0.731330825385099,0.171261981120116,-0.904454173956232,0.390681431649833,-0.768722760893337,0.125350636765839,0.627178232041677,-0.616226136014481,-0.407737495302491,-0.673806711317952,-59.048286639758864,2.1548729232312214,84.879255640742,5.747785539210559,-42.42322945405001,-61.84655769638632
111,0.0742211593158561,-1.17823132337775,0.661847623147571,0.514623187742222,-0.223328331086887,0.827820893171935,-0.321122851406664,-0.945414392643245,-0.0554232847047035,0.795011376611988,-0.237310098219503,-0.558247998957956,79.74194395762997,49.264096799912025,27.389964473342165,3.993660365335674,-34.45565862962452,15.125546589257203
112,0.0219718967827678,-0.527533793162007,1.02036178509163,-0.585555262316535,0.751608037646624,0.303661641499887,-0.244428570151889,0.193458075069444,-0.950172956510513,-0.772903427904753,-0.630602355637383,0.0704340840620912,-52.718651463364296,15.54523124702383,-73.06560857876896,-57.970438919264886,-4.475337157825179,-82.16428473332581
113,-0.810765874608318,0.906849791281938,0.483904458504373,0.513770234428690,-0.831913031252809,0.209668439796868,0.157237872819436,0.331556438679939,0.930240065424563,-0.843395753822788,-0.444961837017108,0.301152064631895,-62.3448261658182,54.27361043425083,43.99508161028506,-8.776015169788066,17.5275212864515,-76.76623170659043
114,0.514009096849425,-0.130919386205208,1.06921443197337,0.460089290676206,0.129602736621234,0.878362667276651,0.0631400562249351,-0.991560296199850,0.113232116910258,0.885624738760711,0.00336298384672590,-0.464389397418448,8.464199920596373,-60.34412838700496,80.37042769873499,-47.94266307818968,82.70199882217292,86.50486496954557
115,0.612128890892731,0.789014205163001,0.445120503996393,-0.557126150716984,0.265159549121301,-0.786956711450551,0.438559623142632,0.898669296554953,-0.00767804522124186,0.705177927289468,-0.349405078582460,-0.616960437892508,68.3811148577253,-29.83248196325128,-78.23018245702025,12.046898026335892,38.34365523171842,7.093678650693307
116,0.0356437891506681,-1.20935683145953,0.438108710158349,0.424432064688452,0.904105578461787,0.0495027823316530,0.0144770094394372,-0.0614403563899448,0.998005760907404,0.905344044362136,-0.422868993425805,-0.0391660023114177,77.34490812942285,68.24512023148186,30.052088049660856,-87.93772208169557,-12.579985784807816,-7.276341566501927
